1	0
2	95
3	359
4	429
5	492
6	496
7	548
8	810
9	853
10	925
11	1274
12	1297
13	1326
14	1338
15	1340
16	1370
17	1388
18	1392
19	1404
20	1403
21	1423
22	1424
23	1431
24	1448
25	1445
26	1453
27	1461
28	1459
29	1458
30	1460
31	1487
32	1494
33	1491
34	1501
35	1498
36	1518
37	1525
38	1524
39	1535
40	1533
41	1537
42	1560
43	1544
44	1551
45	1571
46	1564
47	1596
48	1594
49	1586
50	1631
51	1627
52	1700
53	1657
54	1653
55	1682
56	1708
57	1740
58	1789
59	1807
60	1820
61	1815
62	1848
63	1857
64	1864
65	1882
66	1898
67	1922
68	1934
69	2006
70	2009
71	2037
72	2069
73	2091
74	2110
75	2115
76	2145
77	2167
78	2198
79	2201
80	2204
81	2206
82	2218
83	2225
84	2228
85	2261
86	2267
87	2272
88	2275
89	2278
90	2284
91	2300
92	2304
93	2306
94	2304
95	2310
96	2309
97	2319
98	2326
99	2329
100	2333
101	2332
102	2330
103	2339
104	2339
105	2347
106	2347
107	2374
108	2378
109	2379
110	2382
111	2383
112	2389
113	2394
114	2395
115	2398
116	2404
117	2410
118	2414
119	11155
120	11402
121	11509
122	10791
123	11833
124	10439
125	12041
126	10211
127	9952
128	-1
129	9892
130	10054
131	10084
132	10095
133	10116
134	10121
135	9777
136	10157
137	9742
138	9736
139	-1
140	-1
141	10181
142	9698
143	10210
144	9792
145	-1
146	10226
147	10599
148	-1
149	10234
150	9816
151	10288
152	10252
153	10253
154	9643
155	9848
156	10270
157	-1
158	10283
159	-1
160	10070
161	10533
162	9398
163	10082
164	9598
165	10033
166	10500
167	-1
168	10020
169	9444
170	10355
171	9465
172	10538
173	9325
174	9990
175	10377
176	9485
177	-1
178	10095
179	-1
180	10418
181	9948
182	10690
183	9369
184	9276
185	-1
186	9939
187	9286
188	9384
189	9387
190	10613
191	10225
192	9961
193	9398
194	10230
195	10237
196	10466
197	-1
198	10655
199	-1
200	10014
201	9193
202	-1
203	9366
204	9851
205	10684
206	10030
207	10688
208	-1
209	10307
210	9385
211	9155
212	10057
213	-1
214	9147
215	10066
216	10398
217	10086
218	9575
219	-1
220	-1
221	9943
222	10136
223	9114
224	-1
225	-1
226	10104
227	10105
228	10372
229	9769
230	-1
231	10376
232	10119
233	9089
234	-1
235	-1
236	-1
237	-1
238	-1
239	9000
240	9064
241	8886
242	8841
243	9340
244	7965
245	8997
246	8763
247	8749
248	8193
249	7904
250	8121
251	8837
252	8149
253	9090
254	-1
255	-1
256	8163
257	9220
258	-1
259	8070
260	-1
261	8867
262	7820
263	8196
264	8042
265	8200
266	9269
267	8910
268	8074
269	8224
270	7778
271	-1
272	8241
273	8296
274	7766
275	-1
276	8252
277	7981
278	8066
279	-1
280	8272
281	-1
282	7739
283	8278
284	8550
285	8038
286	8013
287	8290
288	8313
289	-1
290	7840
291	7691
292	8047
293	-1
294	8501
295	8233
296	8089
297	-1
298	7985
299	-1
300	8482
301	8172
302	8486
303	-1
304	7972
305	8260
306	8083
307	-1
308	8362
309	-1
310	-1
311	-1
312	-1
313	8130
314	8286
315	8383
316	7940
317	8110
318	-1
319	-1
320	8432
321	-1
322	-1
323	-1
324	8389
325	8133
326	-1
327	7589
328	8235
329	-1
330	8566
331	8157
332	7886
333	-1
334	8164
335	-1
336	-1
337	8256
338	7824
339	-1
340	7552
341	8181
342	8596
343	8184
344	-1
345	8185
346	8194
347	7639
348	8298
349	8609
350	-1
351	8209
352	7772
353	-1
354	8209
355	-1
356	-1
357	-1
358	-1
359	-1
360	-1
361	-1
362	-1
363	-1
364	-1
365	-1
366	-1
367	-1
368	-1
369	-1
370	-1
371	-1
372	-1
373	-1
374	-1
375	-1
376	-1
377	-1
378	-1
379	-1
380	-1
381	-1
382	-1
383	-1
384	-1
385	-1
386	-1
387	-1
388	-1
389	-1
390	-1
391	-1
392	-1
393	-1
394	-1
395	-1
396	-1
397	-1
398	-1
399	-1
400	-1
401	-1
402	-1
403	-1
404	-1
405	-1
406	-1
407	-1
408	-1
409	-1
410	-1
411	-1
412	-1
413	-1
414	-1
415	-1
416	-1
417	-1
418	-1
419	-1
420	-1
421	-1
422	-1
423	-1
424	-1
425	-1
426	-1
427	-1
428	-1
429	-1
430	-1
431	-1
432	-1
433	-1
434	-1
435	-1
436	-1
437	-1
438	-1
439	-1
440	-1
441	-1
442	-1
443	-1
444	-1
445	-1
446	-1
447	-1
448	-1
449	-1
450	-1
451	-1
452	-1
453	-1
454	-1
455	-1
456	-1
457	-1
458	-1
459	-1
460	-1
461	-1
462	-1
463	-1
464	-1
465	-1
466	-1
467	-1
468	-1
469	-1
470	-1
471	-1
472	-1
473	-1
474	-1
475	-1
476	-1
477	-1
478	-1
479	-1
480	-1
481	-1
482	-1
483	-1
484	-1
485	-1
486	-1
487	-1
488	-1
489	13352
490	-1
491	-1
492	-1
493	-1
494	-1
495	13291
496	-1
497	-1
498	13203
499	-1
500	13260
501	13283
502	13300
503	-1
504	13306
505	13324
506	13332
507	13182
508	13081
509	13076
510	-1
511	13092
512	13068
513	13031
514	-1
515	-1
516	-1
517	13074
518	13147
519	-1
520	-1
521	-1
522	13005
523	-1
524	-1
525	12962
526	13201
527	-1
528	-1
529	12904
530	13231
531	-1
532	-1
533	-1
534	12870
535	12866
536	-1
537	-1
538	-1
539	-1
540	-1
541	-1
542	-1
543	13318
544	-1
545	13332
546	-1
547	-1
548	12955
549	-1
550	-1
551	-1
552	-1
553	13357
554	-1
555	-1
556	-1
557	-1
558	-1
559	12741
560	12991
561	-1
562	12730
563	13005
564	-1
565	-1
566	-1
567	12739
568	-1
569	12762
570	-1
571	-1
572	12684
573	-1
574	-1
575	12788
576	-1
577	-1
578	-1
579	-1
580	12808
581	-1
582	-1
583	-1
584	-1
585	-1
586	-1
587	-1
588	-1
589	-1
590	-1
591	-1
592	-1
593	-1
594	-1
595	-1
596	10663
597	-1
598	10632
599	-1
600	8362
601	-1
602	10697
603	8333
604	-1
605	-1
606	8309
607	10724
608	8303
609	-1
610	-1
611	-1
612	-1
613	-1
614	-1
615	8368
616	-1
617	8221
618	-1
619	8358
620	-1
621	8293
622	10416
623	-1
624	10665
625	10640
626	8309
627	8294
628	10376
629	-1
630	10395
631	10480
632	-1
633	10727
634	10739
635	8353
636	8106
637	-1
638	10417
639	10743
640	8358
641	10581
642	10702
643	10758
644	-1
645	10515
646	-1
647	8379
648	10717
649	-1
650	10554
651	10612
652	8400
653	8157
654	-1
655	8421
656	-1
657	8216
658	8324
659	8362
660	10623
661	7952
662	9388
663	7976
664	-1
665	10627
666	10635
667	7931
668	10169
669	-1
670	10593
671	8289
672	7966
673	10764
674	10770
675	9319
676	-1
677	-1
678	8058
679	10725
680	7993
681	8254
682	-1
683	7862
684	10792
685	7857
686	8241
687	10645
688	8297
689	8280
690	8100
691	7849
692	8318
693	10771
694	-1
695	10776
696	8112
697	10838
698	10683
699	10080
700	10784
701	10690
702	10055
703	-1
704	9236
705	8217
706	8145
707	10856
708	10859
709	10704
710	10708
711	5218
712	5013
713	4595
714	2724
715	4270
716	4362
717	4367
718	4452
719	4459
720	5075
721	4066
722	4482
723	4487
724	4494
725	4110
726	4522
727	3998
728	-1
729	4989
730	4985
731	4565
732	-1
733	4457
734	3955
735	4586
736	4946
737	-1
738	4605
739	4205
740	4611
741	-1
742	4906
743	-1
744	4691
745	4892
746	-1
747	4655
748	4654
749	-1
750	4865
751	-1
752	4677
753	4683
754	4350
755	4847
756	3859
757	4894
758	4325
759	4790
760	4713
761	-1
762	4816
763	4723
764	4724
765	4801
766	3799
767	4288
768	4748
769	4751
770	3798
771	4784
772	4754
773	5295
774	-1
775	3833
776	4812
777	4802
778	4783
779	5325
780	4794
781	4408
782	4794
783	-1
784	4235
785	4798
786	4840
787	4829
788	5403
789	3720
790	4359
791	3753
792	4903
793	-1
794	4886
795	4200
796	5028
797	4838
798	4841
799	4875
800	4845
801	4184
802	-1
803	5201
804	-1
805	3902
806	4207
807	4863
808	4899
809	4868
810	5321
811	3696
812	5416
813	4886
814	3951
815	4891
816	4892
817	4903
818	4905
819	4925
820	4907
821	5101
822	4124
823	-1
824	4914
825	5883
826	5255
827	-1
828	5121
829	-1
830	-1
831	-1
832	5656
833	6001
834	-1
835	5975
836	5946
837	-1
838	5549
839	5574
840	-1
841	-1
842	-1
843	5622
844	5860
845	-1
846	5465
847	-1
848	-1
849	-1
850	-1
851	-1
852	-1
853	5667
854	-1
855	-1
856	-1
857	-1
858	-1
859	-1
860	-1
861	5780
862	-1
863	5714
864	-1
865	-1
866	-1
867	5563
868	-1
869	5734
870	-1
871	-1
872	-1
873	-1
874	-1
875	-1
876	-1
877	-1
878	-1
879	-1
880	-1
881	5614
882	-1
883	-1
884	-1
885	-1
886	-1
887	5795
888	-1
889	-1
890	-1
891	-1
892	-1
893	-1
894	5673
895	5308
896	-1
897	-1
898	5665
899	-1
900	5837
901	-1
902	5701
903	-1
904	-1
905	5850
906	5712
907	5713
908	-1
909	5717
910	-1
911	-1
912	-1
913	5693
914	-1
915	5689
916	-1
917	-1
918	-1
919	5247
920	-1
921	5350
922	-1
923	-1
924	-1
925	-1
926	-1
927	5898
928	5760
929	5192
930	5272
931	-1
932	5322
933	5910
934	5326
935	5774
936	-1
937	5773
938	-1
939	-1
940	-1
941	-1
942	-1
943	-1
944	5338
945	-1
946	5227
947	5940
948	-1
949	-1
950	-1
951	-1
952	-1
953	-1
954	-1
955	-1
956	-1
957	-1
958	-1
959	-1
960	-1
961	-1
962	-1
963	-1
964	-1
965	-1
966	-1
967	-1
968	-1
969	-1
970	-1
971	-1
972	-1
973	-1
974	-1
975	-1
976	-1
977	-1
978	-1
979	-1
980	-1
981	-1
982	-1
983	-1
984	-1
985	-1
986	-1
987	-1
988	-1
989	-1
990	-1
991	-1
992	-1
993	-1
994	-1
995	-1
996	-1
997	-1
998	-1
999	-1
1000	-1
1001	-1
1002	-1
1003	-1
1004	-1
1005	-1
1006	-1
1007	-1
1008	-1
1009	-1
1010	-1
1011	-1
1012	-1
1013	-1
1014	-1
1015	-1
1016	-1
1017	-1
1018	-1
1019	-1
1020	-1
1021	-1
1022	-1
1023	-1
1024	-1
1025	-1
1026	-1
1027	-1
1028	-1
1029	-1
1030	-1
1031	-1
1032	-1
1033	-1
1034	-1
1035	-1
1036	-1
1037	-1
1038	-1
1039	-1
1040	-1
1041	-1
1042	-1
1043	-1
1044	-1
1045	-1
1046	-1
1047	-1
1048	-1
1049	-1
1050	-1
1051	-1
1052	-1
1053	-1
1054	-1
1055	-1
1056	-1
1057	-1
1058	-1
1059	-1
1060	-1
1061	-1
1062	-1
1063	-1
1064	-1
1065	-1
1066	-1
1067	-1
1068	9997
1069	9919
1070	9870
1071	9678
1072	9661
1073	9985
1074	9738
1075	9583
1076	10145
1077	9538
1078	10090
1079	10093
1080	10360
1081	9686
1082	9476
1083	10130
1084	10112
1085	10016
1086	10257
1087	9746
1088	9419
1089	10064
1090	9667
1091	10047
1092	9768
1093	9771
1094	9775
1095	9390
1096	9950
1097	9610
1098	10349
1099	9326
1100	9846
1101	10373
1102	9634
1103	10381
1104	9866
1105	9870
1106	9665
1107	9369
1108	9886
1109	10415
1110	9262
1111	9700
1112	10447
1113	9940
1114	10468
1115	9301
1116	10087
1117	10471
1118	10489
1119	10499
1120	10518
1121	10524
1122	11800
1123	11910
1124	9379
1125	10552
1126	10032
1127	11439
1128	-1
1129	10048
1130	9407
1131	11877
1132	-1
1133	9105
1134	10586
1135	10062
1136	-1
1137	-1
1138	-1
1139	11727
1140	10608
1141	10087
1142	10614
1143	11708
1144	10636
1145	10117
1146	10641
1147	10647
1148	9479
1149	11352
1150	10650
1151	9484
1152	10139
1153	10140
1154	11335
1155	10668
1156	11555
1157	10156
1158	10684
1159	9008
1160	11317
1161	11769
1162	10693
1163	11306
1164	10699
1165	10710
1166	10724
1167	10198
1168	10202
1169	11274
1170	10728
1171	8956
1172	10741
1173	9579
1174	10235
1175	11464
1176	10238
1177	10761
1178	10823
1179	9093
1180	10245
1181	10262
1182	10802
1183	-1
1184	10792
1185	10276
1186	7049
1187	7077
1188	7077
1189	7011
1190	6990
1191	7111
1192	7160
1193	6950
1194	7150
1195	6929
1196	7171
1197	7179
1198	7187
1199	7194
1200	6899
1201	6897
1202	7210
1203	7211
1204	7221
1205	7219
1206	6866
1207	7233
1208	6861
1209	7251
1210	7264
1211	-1
1212	7257
1213	6834
1214	6816
1215	6743
1216	7283
1217	7017
1218	7294
1219	6764
1220	6758
1221	6793
1222	6715
1223	7339
1224	6778
1225	7135
1226	6702
1227	6766
1228	7148
1229	6720
1230	7073
1231	7350
1232	7162
1233	6708
1234	6741
1235	7097
1236	7364
1237	7090
1238	6718
1239	6694
1240	6655
1241	6682
1242	6755
1243	7382
1244	7395
1245	6754
1246	7479
1247	6624
1248	6687
1249	-1
1250	7407
1251	7411
1252	7706
1253	7418
1254	6605
1255	6637
1256	7478
1257	6566
1258	6596
1259	6548
1260	7446
1261	6577
1262	6610
1263	-1
1264	6525
1265	7191
1266	6574
1267	6605
1268	7543
1269	-1
1270	7652
1271	6508
1272	6635
1273	6587
1274	7473
1275	6555
1276	6514
1277	7056
1278	7130
1279	6507
1280	6526
1281	7509
1282	7139
1283	7494
1284	7494
1285	6532
1286	6984
1287	7737
1288	6481
1289	5915
1290	7502
1291	7271
1292	7528
1293	7000
1294	6745
1295	6548
1296	5917
1297	7242
1298	7536
1299	6481
1300	7601
1301	7540
1302	5810
1303	7523
1304	7620
1305	7635
1306	7581
1307	7618
1308	6147
1309	7679
1310	7745
1311	7759
1312	7631
1313	6066
1314	6070
1315	7665
1316	7817
1317	7595
1318	-1
1319	-1
1320	5986
1321	-1
1322	7892
1323	7905
1324	5948
1325	-1
1326	-1
1327	7916
1328	7922
1329	5925
1330	-1
1331	-1
1332	7954
1333	7955
1334	7964
1335	-1
1336	-1
1337	4006
1338	-1
1339	7990
1340	3995
1341	7994
1342	-1
1343	-1
1344	3983
1345	6003
1346	8016
1347	-1
1348	-1
1349	5825
1350	8030
1351	4057
1352	8043
1353	4089
1354	8065
1355	7617
1356	6081
1357	3909
1358	8080
1359	7636
1360	8382
1361	-1
1362	8092
1363	3884
1364	-1
1365	8132
1366	6116
1367	7671
1368	-1
1369	8132
1370	3851
1371	7551
1372	8146
1373	3837
1374	-1
1375	8162
1376	7665
1377	-1
1378	7684
1379	3872
1380	8190
1381	8281
1382	7554
1383	8219
1384	7568
1385	8233
1386	8260
1387	7710
1388	3770
1389	8243
1390	8229
1391	3927
1392	8244
1393	8285
1394	3732
1395	8268
1396	8274
1397	8301
1398	8283
1399	3761
1400	7647
1401	3795
1402	7805
1403	8333
1404	3678
1405	3802
1406	3757
1407	8365
1408	8340
1409	8372
1410	8349
1411	8389
1412	8374
1413	-1
1414	-1
1415	-1
1416	3586
1417	-1
1418	3901
1419	-1
1420	3553
1421	8460
1422	-1
1423	-1
1424	-1
1425	-1
1426	-1
1427	-1
1428	-1
1429	-1
1430	-1
1431	9056
1432	4768
1433	-1
1434	-1
1435	-1
1436	-1
1437	4642
1438	-1
1439	-1
1440	-1
1441	-1
1442	4575
1443	-1
1444	-1
1445	4446
1446	4427
1447	-1
1448	4381
1449	4802
1450	-1
1451	-1
1452	4748
1453	-1
1454	-1
1455	-1
1456	4732
1457	-1
1458	4791
1459	4249
1460	-1
1461	4672
1462	4274
1463	4697
1464	4713
1465	4892
1466	-1
1467	4744
1468	-1
1469	4345
1470	4767
1471	4363
1472	4375
1473	4791
1474	4386
1475	-1
1476	4415
1477	-1
1478	-1
1479	4431
1480	4437
1481	8524
1482	-1
1483	-1
1484	-1
1485	-1
1486	-1
1487	-1
1488	8490
1489	-1
1490	8600
1491	3261
1492	3929
1493	-1
1494	8583
1495	-1
1496	-1
1497	3165
1498	3169
1499	-1
1500	3197
1501	3209
1502	-1
1503	-1
1504	-1
1505	-1
1506	-1
1507	8783
1508	-1
1509	-1
1510	8724
1511	3079
1512	-1
1513	-1
1514	-1
1515	8747
1516	-1
1517	8755
1518	-1
1519	-1
1520	-1
1521	3297
1522	8853
1523	3312
1524	-1
1525	-1
1526	10377
1527	-1
1528	-1
1529	8901
1530	8902
1531	3366
1532	8914
1533	-1
1534	-1
1535	8860
1536	3404
1537	10304
1538	3412
1539	-1
1540	-1
1541	-1
1542	-1
1543	-1
1544	-1
1545	-1
1546	-1
1547	-1
1548	-1
1549	-1
1550	-1
1551	-1
1552	-1
1553	-1
1554	-1
1555	-1
1556	-1
1557	-1
1558	6443
1559	6506
1560	6459
1561	6454
1562	6486
1563	6310
1564	-1
1565	6400
1566	6279
1567	6290
1568	6367
1569	6722
1570	6254
1571	6443
1572	6330
1573	6226
1574	6222
1575	-1
1576	6671
1577	6472
1578	6291
1579	6182
1580	6381
1581	6195
1582	6200
1583	6515
1584	6515
1585	6205
1586	6618
1587	6130
1588	6412
1589	6346
1590	6037
1591	6604
1592	6420
1593	-1
1594	6142
1595	6582
1596	6119
1597	6095
1598	6244
1599	-1
1600	6465
1601	6104
1602	6716
1603	6059
1604	-1
1605	6743
1606	-1
1607	6169
1608	6150
1609	-1
1610	6032
1611	6631
1612	6765
1613	6735
1614	6149
1615	5918
1616	-1
1617	5992
1618	6536
1619	5761
1620	6006
1621	-1
1622	6125
1623	5975
1624	-1
1625	6094
1626	6018
1627	-1
1628	5882
1629	6767
1630	6874
1631	6075
1632	-1
1633	5941
1634	6781
1635	-1
1636	-1
1637	5852
1638	-1
1639	6718
1640	6056
1641	6811
1642	-1
1643	6732
1644	5726
1645	-1
1646	-1
1647	6077
1648	5869
1649	5834
1650	6806
1651	-1
1652	-1
1653	-1
1654	6795
1655	-1
1656	-1
1657	6024
1658	6753
1659	6754
1660	-1
1661	5892
1662	-1
1663	6118
1664	6765
1665	-1
1666	-1
1667	5867
1668	-1
1669	5904
1670	6120
1671	5796
1672	6002
1673	-1
1674	5873
1675	6845
1676	5612
1677	5675
1678	5533
1679	5512
1680	5698
1681	5686
1682	5562
1683	5454
1684	5598
1685	5576
1686	5430
1687	5747
1688	5603
1689	5767
1690	5609
1691	5813
1692	5406
1693	5669
1694	5643
1695	5687
1696	5344
1697	5727
1698	5694
1699	5470
1700	5289
1701	5739
1702	5756
1703	5763
1704	5307
1705	5239
1706	5532
1707	5749
1708	5777
1709	5552
1710	5185
1711	5796
1712	5194
1713	5595
1714	5397
1715	5633
1716	5320
1717	5126
1718	5341
1719	-1
1720	5467
1721	5509
1722	5518
1723	5527
1724	5534
1725	-1
1726	-1
1727	-1
1728	-1
1729	-1
1730	-1
1731	-1
1732	-1
1733	-1
1734	-1
1735	-1
1736	-1
1737	6188
1738	-1
1739	-1
1740	-1
1741	-1
1742	-1
1743	-1
1744	6143
1745	-1
1746	-1
1747	-1
1748	-1
1749	-1
1750	-1
1751	-1
1752	-1
1753	-1
1754	-1
1755	-1
1756	-1
1757	-1
1758	-1
1759	-1
1760	-1
1761	-1
1762	-1
1763	5907
1764	-1
1765	-1
1766	-1
1767	-1
1768	-1
1769	5889
1770	-1
1771	-1
1772	-1
1773	-1
1774	-1
1775	-1
1776	-1
1777	-1
1778	-1
1779	-1
1780	-1
1781	5348
1782	-1
1783	-1
1784	-1
1785	-1
1786	-1
1787	-1
1788	-1
1789	-1
1790	-1
1791	-1
1792	-1
1793	-1
1794	-1
1795	-1
1796	-1
1797	-1
1798	-1
1799	-1
1800	-1
1801	-1
1802	-1
1803	-1
1804	-1
1805	-1
1806	-1
1807	-1
1808	-1
1809	-1
1810	-1
1811	-1
1812	-1
1813	-1
1814	-1
1815	-1
1816	-1
1817	-1
1818	-1
1819	-1
1820	-1
1821	-1
1822	-1
1823	-1
1824	-1
1825	-1
1826	-1
1827	-1
1828	-1
1829	-1
1830	-1
1831	-1
1832	-1
1833	-1
1834	-1
1835	-1
1836	-1
1837	-1
1838	-1
1839	-1
1840	-1
1841	-1
1842	-1
1843	-1
1844	-1
1845	-1
1846	-1
1847	-1
1848	-1
1849	-1
1850	-1
1851	-1
1852	-1
1853	-1
1854	-1
1855	-1
1856	-1
1857	-1
1858	-1
1859	-1
1860	-1
1861	-1
1862	-1
1863	-1
1864	-1
1865	-1
1866	-1
1867	-1
1868	-1
1869	-1
1870	-1
1871	-1
1872	-1
1873	-1
1874	-1
1875	-1
1876	-1
1877	-1
1878	-1
1879	-1
1880	-1
1881	-1
1882	-1
1883	-1
1884	-1
1885	-1
1886	-1
1887	-1
1888	-1
1889	-1
1890	-1
1891	-1
1892	-1
1893	-1
1894	-1
1895	-1
1896	-1
1897	-1
1898	-1
1899	-1
1900	-1
1901	-1
1902	-1
1903	-1
1904	-1
1905	-1
1906	-1
1907	-1
1908	-1
1909	-1
1910	-1
1911	-1
1912	-1
1913	-1
1914	-1
1915	-1
1916	-1
1917	-1
1918	-1
1919	-1
1920	-1
1921	-1
1922	-1
1923	-1
1924	-1
1925	-1
1926	-1
1927	-1
1928	-1
1929	-1
1930	-1
1931	-1
1932	-1
1933	-1
1934	-1
1935	-1
1936	-1
1937	-1
1938	-1
1939	-1
1940	-1
1941	-1
1942	-1
1943	-1
1944	-1
1945	-1
1946	-1
1947	-1
1948	-1
1949	-1
1950	-1
1951	-1
1952	-1
1953	-1
1954	-1
1955	-1
1956	-1
1957	-1
1958	-1
1959	-1
1960	-1
1961	-1
1962	-1
1963	-1
1964	-1
1965	-1
1966	-1
1967	-1
1968	-1
1969	-1
1970	-1
1971	-1
1972	-1
1973	-1
1974	-1
1975	-1
1976	-1
1977	-1
1978	-1
1979	-1
1980	-1
1981	-1
1982	-1
1983	-1
1984	-1
1985	-1
1986	-1
1987	-1
1988	-1
1989	-1
1990	-1
1991	-1
1992	-1
1993	-1
1994	-1
1995	-1
1996	-1
1997	-1
1998	-1
1999	-1
2000	-1
2001	-1
2002	-1
2003	-1
2004	-1
2005	-1
2006	-1
2007	-1
2008	-1
2009	-1
2010	-1
2011	-1
2012	-1
2013	-1
2014	-1
2015	-1
2016	-1
2017	-1
2018	-1
2019	-1
2020	-1
2021	-1
2022	-1
2023	-1
2024	-1
2025	-1
2026	-1
2027	-1
2028	-1
2029	-1
2030	7396
2031	7409
2032	7381
2033	7435
2034	7338
2035	7351
2036	7315
2037	7490
2038	7380
2039	7504
2040	7282
2041	7283
2042	7350
2043	7524
2044	7256
2045	7537
2046	7580
2047	7549
2048	7342
2049	7611
2050	7419
2051	7591
2052	7526
2053	7454
2054	7642
2055	7624
2056	7183
2057	7656
2058	7410
2059	7490
2060	7679
2061	7646
2062	-1
2063	7129
2064	7524
2065	7447
2066	7389
2067	7286
2068	7953
2069	7366
2070	7493
2071	-1
2072	7433
2073	7511
2074	7043
2075	7603
2076	7909
2077	7293
2078	7737
2079	7317
2080	7922
2081	7224
2082	7201
2083	7469
2084	7660
2085	-1
2086	7684
2087	7235
2088	7564
2089	7647
2090	-1
2091	-1
2092	7917
2093	7975
2094	7715
2095	7831
2096	7530
2097	7738
2098	7606
2099	-1
2100	7615
2101	7127
2102	7620
2103	7521
2104	-1
2105	7194
2106	-1
2107	7753
2108	7544
2109	7217
2110	-1
2111	-1
2112	-1
2113	8053
2114	-1
2115	7577
2116	-1
2117	7673
2118	7904
2119	7799
2120	7805
2121	8118
2122	8023
2123	7709
2124	-1
2125	7712
2126	7948
2127	8082
2128	7809
2129	7981
2130	7812
2131	7890
2132	7971
2133	7825
2134	7866
2135	7080
2136	7761
2137	7846
2138	7927
2139	7902
2140	6950
2141	8149
2142	8025
2143	7833
2144	8027
2145	7882
2146	7842
2147	8170
2148	12551
2149	12582
2150	12515
2151	12575
2152	12601
2153	12610
2154	12640
2155	12625
2156	12648
2157	12693
2158	12329
2159	12778
2160	12785
2161	12811
2162	12396
2163	12822
2164	12863
2165	12423
2166	12844
2167	12220
2168	12884
2169	12495
2170	12905
2171	12466
2172	12860
2173	12893
2174	12650
2175	12875
2176	12487
2177	12488
2178	12501
2179	12776
2180	12923
2181	12952
2182	12961
2183	13382
2184	12926
2185	12400
2186	12714
2187	12322
2188	12984
2189	13409
2190	12970
2191	12997
2192	12567
2193	12762
2194	13335
2195	12992
2196	13016
2197	12080
2198	13029
2199	12763
2200	13077
2201	-1
2202	13044
2203	13025
2204	-1
2205	12052
2206	-1
2207	-1
2208	12705
2209	13046
2210	13265
2211	12975
2212	12113
2213	13062
2214	12285
2215	13079
2216	12666
2217	13104
2218	-1
2219	12086
2220	13288
2221	12759
2222	12600
2223	12068
2224	13138
2225	12178
2226	12045
2227	12216
2228	13282
2229	12725
2230	11938
2231	13345
2232	13181
2233	12018
2234	13217
2235	12385
2236	12213
2237	12376
2238	12390
2239	13155
2240	13380
2241	13211
2242	12265
2243	-1
2244	11983
2245	13222
2246	13232
2247	12258
2248	13270
2249	12296
2250	12440
2251	13409
2252	13241
2253	13323
2254	12314
2255	12513
2256	13344
2257	11932
2258	12553
2259	13359
2260	11888
2261	13339
2262	13280
2263	-1
2264	13320
2265	-1
2266	-1
2267	-1
2268	-1
2269	-1
2270	-1
2271	-1
2272	-1
2273	-1
2274	-1
2275	-1
2276	-1
2277	-1
2278	-1
2279	-1
2280	-1
2281	-1
2282	-1
2283	-1
2284	-1
2285	-1
2286	-1
2287	-1
2288	-1
2289	-1
2290	-1
2291	-1
2292	-1
2293	-1
2294	-1
2295	-1
2296	-1
2297	-1
2298	-1
2299	-1
2300	-1
2301	-1
2302	-1
2303	-1
2304	-1
2305	-1
2306	-1
2307	-1
2308	-1
2309	-1
2310	-1
2311	-1
2312	-1
2313	-1
2314	-1
2315	-1
2316	-1
2317	-1
2318	-1
2319	-1
2320	-1
2321	-1
2322	-1
2323	-1
2324	-1
2325	-1
2326	-1
2327	-1
2328	-1
2329	-1
2330	-1
2331	-1
2332	-1
2333	-1
2334	-1
2335	-1
2336	-1
2337	-1
2338	-1
2339	-1
2340	-1
2341	-1
2342	-1
2343	-1
2344	-1
2345	-1
2346	-1
2347	-1
2348	-1
2349	-1
2350	-1
2351	-1
2352	-1
2353	-1
2354	-1
2355	-1
2356	-1
2357	-1
2358	-1
2359	-1
2360	-1
2361	-1
2362	-1
2363	-1
2364	-1
2365	-1
2366	-1
2367	-1
2368	-1
2369	-1
2370	-1
2371	-1
2372	-1
2373	-1
2374	-1
2375	-1
2376	-1
2377	-1
2378	-1
2379	-1
2380	-1
2381	-1
2382	-1
2383	-1
2384	-1
2385	-1
2386	-1
2387	-1
2388	-1
2389	-1
2390	-1
2391	-1
2392	-1
2393	-1
2394	-1
2395	-1
2396	-1
2397	-1
2398	-1
2399	-1
2400	-1
2401	-1
2402	-1
2403	-1
2404	-1
2405	-1
2406	-1
2407	-1
2408	-1
2409	-1
2410	-1
2411	-1
2412	-1
2413	-1
2414	-1
2415	-1
2416	-1
2417	-1
2418	-1
2419	-1
2420	-1
2421	-1
2422	-1
2423	-1
2424	-1
2425	-1
2426	-1
2427	-1
2428	-1
2429	-1
2430	-1
2431	-1
2432	-1
2433	-1
2434	-1
2435	-1
2436	-1
2437	-1
2438	-1
2439	-1
2440	-1
2441	-1
2442	-1
2443	-1
2444	-1
2445	-1
2446	-1
2447	-1
2448	-1
2449	-1
2450	-1
2451	-1
2452	-1
2453	-1
2454	-1
2455	-1
2456	-1
2457	-1
2458	-1
2459	-1
2460	-1
2461	-1
2462	-1
2463	-1
2464	-1
2465	-1
2466	-1
2467	-1
2468	-1
2469	-1
2470	-1
2471	-1
2472	-1
2473	-1
2474	-1
2475	-1
2476	-1
2477	-1
2478	-1
2479	-1
2480	-1
2481	-1
2482	-1
2483	-1
2484	-1
2485	-1
2486	-1
2487	-1
2488	-1
2489	-1
2490	-1
2491	-1
2492	-1
2493	-1
2494	-1
2495	-1
2496	-1
2497	-1
2498	-1
2499	-1
2500	-1
2501	-1
2502	2448
2503	2504
2504	2523
2505	2529
2506	2538
2507	2560
2508	2573
2509	-1
2510	-1
2511	2635
2512	-1
2513	-1
2514	-1
2515	2723
2516	2934
2517	2789
2518	2800
2519	2903
2520	2862
2521	2879
2522	2885
2523	-1
2524	2902
2525	3776
2526	-1
2527	-1
2528	-1
2529	-1
2530	-1
2531	-1
2532	2940
2533	3016
2534	-1
2535	-1
2536	-1
2537	-1
2538	-1
2539	2935
2540	2928
2541	-1
2542	2993
2543	2820
2544	-1
2545	3052
2546	-1
2547	3083
2548	2740
2549	-1
2550	3161
2551	-1
2552	2849
2553	2619
2554	-1
2555	-1
2556	2589
2557	4276
2558	4358
2559	2907
2560	-1
2561	-1
2562	4197
2563	-1
2564	4261
2565	3010
2566	2468
2567	-1
2568	-1
2569	-1
2570	4147
2571	-1
2572	4415
2573	-1
2574	3048
2575	-1
2576	4273
2577	-1
2578	-1
2579	3269
2580	4062
2581	4068
2582	-1
2583	-1
2584	3299
2585	3141
2586	4370
2587	4100
2588	3201
2589	3345
2590	4136
2591	3973
2592	3212
2593	4170
2594	4446
2595	4184
2596	3398
2597	3933
2598	3244
2599	3127
2600	3415
2601	3421
2602	3437
2603	4242
2604	3452
2605	4119
2606	3455
2607	-1
2608	3074
2609	3861
2610	4263
2611	3196
2612	3887
2613	-1
2614	4305
2615	-1
2616	3523
2617	3810
2618	-1
2619	4397
2620	3844
2621	3907
2622	3961
2623	4046
2624	4129
2625	4085
2626	4098
2627	4070
2628	4056
2629	4028
2630	4090
2631	4047
2632	3994
2633	4044
2634	4072
2635	4082
2636	4111
2637	3994
2638	4006
2639	4026
2640	4066
2641	4117
2642	2420
2643	2425
2644	2444
2645	2450
2646	2424
2647	2461
2648	2464
2649	2415
2650	2478
2651	-1
2652	-1
2653	-1
2654	-1
2655	-1
2656	-1
2657	-1
2658	-1
2659	-1
2660	-1
2661	-1
2662	-1
2663	-1
2664	-1
2665	-1
2666	-1
2667	-1
2668	-1
2669	-1
2670	-1
2671	-1
2672	-1
2673	-1
2674	-1
2675	-1
2676	-1
2677	-1
2678	-1
2679	-1
2680	-1
2681	-1
2682	-1
2683	-1
2684	-1
2685	-1
2686	2418
2687	2581
2688	2677
2689	2699
2690	2704
2691	-1
2692	-1
2693	-1
2694	-1
2695	2899
2696	3481
2697	3501
2698	3445
2699	3537
2700	3468
2701	3653
2702	3602
2703	3594
2704	3449
2705	3412
2706	3636
2707	-1
2708	-1
2709	-1
2710	-1
2711	-1
2712	-1
2713	-1
2714	-1
2715	-1
2716	-1
2717	-1
2718	-1
2719	-1
2720	-1
2721	-1
2722	-1
2723	-1
2724	-1
2725	-1
2726	-1
2727	-1
2728	-1
2729	-1
2730	-1
2731	-1
2732	-1
2733	-1
2734	-1
2735	-1
2736	-1
2737	-1
2738	-1
2739	-1
2740	-1
2741	-1
2742	-1
2743	-1
2744	-1
2745	-1
2746	-1
2747	-1
2748	-1
2749	-1
2750	-1
2751	-1
2752	-1
2753	-1
2754	-1
2755	-1
2756	-1
2757	-1
2758	-1
2759	-1
2760	-1
2761	-1
2762	-1
2763	-1
2764	-1
2765	-1
2766	-1
2767	-1
2768	-1
2769	-1
2770	-1
2771	-1
2772	-1
2773	-1
2774	-1
2775	-1
2776	-1
2777	-1
2778	-1
2779	-1
2780	-1
2781	-1
2782	-1
2783	-1
2784	-1
2785	-1
2786	-1
2787	-1
2788	-1
2789	-1
2790	-1
2791	-1
2792	-1
2793	-1
2794	-1
2795	-1
2796	-1
2797	-1
2798	-1
2799	-1
2800	-1
2801	-1
2802	-1
2803	-1
2804	-1
2805	-1
2806	-1
2807	-1
2808	-1
2809	-1
2810	-1
2811	-1
2812	-1
2813	-1
2814	-1
2815	-1
2816	-1
2817	-1
2818	-1
2819	-1
2820	-1
2821	-1
2822	-1
2823	-1
2824	-1
2825	-1
2826	-1
2827	-1
2828	-1
2829	-1
2830	-1
2831	-1
2832	-1
2833	-1
2834	-1
2835	-1
2836	-1
2837	-1
2838	-1
2839	-1
2840	-1
2841	-1
2842	-1
2843	-1
2844	-1
2845	-1
2846	-1
2847	-1
2848	-1
2849	-1
2850	-1
2851	-1
2852	-1
2853	-1
2854	-1
2855	-1
2856	-1
2857	-1
2858	-1
2859	-1
2860	-1
2861	-1
2862	-1
2863	-1
2864	-1
2865	-1
2866	-1
2867	-1
2868	-1
2869	-1
2870	-1
2871	-1
2872	-1
2873	-1
2874	-1
2875	-1
2876	-1
2877	-1
2878	-1
2879	-1
2880	-1
2881	-1
2882	-1
2883	-1
2884	-1
2885	-1
2886	-1
2887	-1
2888	-1
2889	-1
2890	-1
2891	-1
2892	-1
2893	-1
2894	-1
2895	-1
2896	-1
2897	-1
2898	-1
2899	-1
2900	-1
2901	-1
2902	-1
2903	-1
2904	-1
2905	-1
2906	-1
2907	-1
2908	-1
2909	-1
2910	-1
2911	-1
2912	-1
2913	-1
2914	-1
2915	-1
2916	-1
2917	-1
2918	-1
2919	-1
2920	-1
2921	-1
2922	-1
2923	-1
2924	-1
2925	-1
2926	-1
2927	-1
2928	-1
2929	-1
2930	-1
2931	-1
2932	-1
2933	-1
2934	-1
2935	-1
2936	-1
2937	-1
2938	-1
2939	-1
2940	-1
2941	-1
2942	-1
2943	-1
2944	-1
2945	-1
2946	-1
2947	-1
2948	-1
2949	-1
2950	-1
2951	-1
2952	-1
2953	-1
2954	-1
2955	-1
2956	-1
2957	-1
2958	-1
2959	-1
2960	-1
2961	-1
2962	-1
2963	-1
2964	-1
2965	-1
2966	-1
2967	-1
2968	-1
2969	-1
2970	-1
2971	-1
2972	-1
2973	-1
2974	-1
2975	-1
2976	-1
2977	-1
2978	-1
2979	-1
2980	-1
2981	-1
2982	-1
2983	-1
2984	-1
2985	-1
2986	-1
2987	-1
2988	-1
2989	-1
2990	-1
2991	-1
2992	-1
2993	-1
2994	-1
2995	-1
2996	-1
2997	-1
2998	-1
2999	-1
3000	-1
3001	-1
3002	-1
3003	-1
3004	-1
3005	-1
3006	-1
3007	-1
3008	-1
3009	-1
3010	-1
3011	-1
3012	-1
3013	-1
3014	-1
3015	-1
3016	-1
3017	-1
3018	-1
3019	-1
3020	-1
3021	-1
3022	-1
3023	-1
3024	-1
3025	-1
3026	-1
3027	-1
3028	-1
3029	-1
3030	-1
3031	-1
3032	-1
3033	-1
3034	-1
3035	-1
3036	-1
3037	-1
3038	-1
3039	-1
3040	-1
3041	-1
3042	-1
3043	-1
3044	-1
3045	-1
3046	-1
3047	-1
3048	-1
3049	-1
3050	-1
3051	-1
3052	-1
3053	-1
3054	-1
3055	-1
3056	-1
3057	-1
3058	-1
3059	-1
3060	-1
3061	-1
3062	-1
3063	-1
3064	-1
3065	-1
3066	-1
3067	-1
3068	-1
3069	-1
3070	-1
3071	-1
3072	-1
3073	-1
3074	-1
3075	-1
3076	-1
3077	-1
3078	-1
3079	-1
3080	-1
3081	-1
3082	-1
3083	-1
3084	-1
3085	-1
3086	-1
3087	-1
3088	-1
3089	-1
3090	-1
3091	-1
3092	-1
3093	-1
3094	-1
3095	-1
3096	-1
3097	-1
3098	-1
3099	-1
3100	-1
3101	-1
3102	-1
3103	-1
3104	-1
3105	-1
3106	-1
3107	-1
3108	-1
3109	-1
3110	-1
3111	-1
3112	-1
3113	-1
3114	-1
3115	-1
3116	-1
3117	-1
3118	-1
3119	-1
3120	-1
3121	-1
3122	-1
3123	-1
3124	-1
3125	-1
3126	-1
3127	-1
3128	-1
3129	-1
3130	-1
3131	-1
3132	-1
3133	-1
3134	-1
3135	-1
3136	-1
3137	-1
3138	-1
3139	-1
3140	-1
3141	-1
3142	-1
3143	-1
3144	-1
3145	-1
3146	-1
3147	-1
3148	-1
3149	-1
3150	-1
3151	-1
3152	-1
3153	-1
3154	-1
3155	-1
3156	-1
3157	-1
3158	-1
3159	-1
3160	-1
3161	-1
3162	-1
3163	-1
3164	-1
3165	-1
3166	-1
3167	-1
3168	-1
3169	-1
3170	-1
3171	-1
3172	-1
3173	-1
3174	-1
3175	-1
3176	-1
3177	-1
3178	-1
3179	-1
3180	-1
3181	-1
3182	-1
3183	-1
3184	-1
3185	-1
3186	-1
3187	-1
3188	-1
3189	-1
3190	-1
3191	-1
3192	-1
3193	-1
3194	-1
3195	-1
3196	-1
3197	-1
3198	-1
3199	-1
3200	-1
3201	-1
3202	-1
3203	-1
3204	-1
3205	-1
3206	-1
3207	-1
3208	-1
3209	-1
3210	-1
3211	-1
3212	-1
3213	-1
3214	-1
3215	-1
3216	-1
3217	-1
3218	-1
3219	-1
3220	-1
3221	-1
3222	-1
3223	-1
3224	-1
3225	-1
3226	-1
3227	-1
3228	-1
3229	-1
3230	-1
3231	-1
3232	-1
3233	-1
3234	-1
3235	-1
3236	-1
3237	-1
3238	-1
3239	-1
3240	-1
3241	-1
3242	-1
3243	-1
3244	-1
3245	-1
3246	-1
3247	-1
3248	-1
3249	-1
3250	-1
3251	-1
3252	-1
3253	-1
3254	-1
3255	-1
3256	-1
3257	-1
3258	-1
3259	-1
3260	-1
3261	-1
3262	-1
3263	-1
3264	-1
3265	-1
3266	-1
3267	-1
3268	-1
3269	-1
3270	-1
3271	-1
3272	-1
3273	-1
3274	-1
3275	-1
3276	-1
3277	-1
3278	-1
3279	-1
3280	-1
3281	-1
3282	-1
3283	-1
3284	-1
3285	-1
3286	-1
3287	-1
3288	-1
3289	-1
3290	-1
3291	-1
3292	-1
3293	-1
3294	-1
3295	-1
3296	-1
3297	-1
3298	-1
3299	-1
3300	-1
3301	-1
3302	-1
3303	-1
3304	-1
3305	-1
3306	-1
3307	-1
3308	-1
3309	-1
3310	-1
3311	-1
3312	-1
3313	-1
3314	-1
3315	-1
3316	-1
3317	-1
3318	-1
3319	-1
3320	-1
3321	-1
3322	-1
3323	-1
3324	-1
3325	-1
3326	-1
3327	-1
3328	-1
3329	-1
3330	-1
3331	-1
3332	-1
3333	-1
3334	-1
3335	-1
3336	-1
3337	-1
3338	-1
3339	-1
3340	-1
3341	-1
3342	-1
3343	-1
3344	-1
3345	-1
3346	-1
3347	-1
3348	-1
3349	-1
3350	-1
3351	-1
3352	-1
3353	-1
3354	-1
3355	-1
3356	-1
3357	-1
3358	-1
3359	-1
3360	-1
3361	-1
3362	-1
3363	-1
3364	-1
3365	-1
3366	-1
3367	-1
3368	-1
3369	-1
3370	-1
3371	-1
3372	-1
3373	-1
3374	-1
3375	-1
3376	-1
3377	-1
3378	-1
3379	-1
3380	-1
3381	-1
3382	-1
3383	-1
3384	-1
3385	-1
3386	-1
3387	-1
3388	-1
3389	-1
3390	-1
3391	-1
3392	-1
3393	-1
3394	-1
3395	-1
3396	-1
3397	-1
3398	-1
3399	-1
3400	-1
3401	-1
3402	-1
3403	-1
3404	-1
3405	-1
3406	-1
3407	-1
3408	-1
3409	-1
3410	-1
3411	-1
3412	-1
3413	-1
3414	-1
3415	-1
3416	-1
3417	-1
3418	-1
3419	-1
3420	-1
3421	-1
3422	-1
3423	-1
3424	-1
3425	-1
3426	-1
3427	-1
3428	-1
3429	-1
3430	-1
3431	-1
3432	-1
3433	-1
3434	-1
3435	-1
3436	-1
3437	-1
3438	-1
3439	-1
3440	-1
3441	-1
3442	-1
3443	-1
3444	-1
3445	-1
3446	-1
3447	-1
3448	-1
3449	-1
3450	-1
3451	-1
3452	-1
3453	10438
3454	10495
3455	10553
3456	10579
3457	10607
3458	10614
3459	10638
3460	10640
3461	10653
3462	10665
3463	10673
3464	10684
3465	10691
3466	10730
3467	10766
3468	-1
3469	10797
3470	-1
3471	10846
3472	10888
3473	-1
3474	10905
3475	-1
3476	-1
3477	-1
3478	-1
3479	-1
3480	-1
3481	-1
3482	10681
3483	-1
3484	-1
3485	-1
3486	10611
3487	-1
3488	10594
3489	-1
3490	-1
3491	-1
3492	-1
3493	-1
3494	-1
3495	10559
3496	10457
3497	-1
3498	10440
3499	10407
3500	10489
3501	10390
3502	-1
3503	10440
3504	10422
3505	-1
3506	10408
3507	-1
3508	10485
3509	10492
3510	10507
3511	10318
3512	9569
3513	10565
3514	10261
3515	10601
3516	10605
3517	9631
3518	10631
3519	10176
3520	9430
3521	10703
3522	10709
3523	10714
3524	10720
3525	10737
3526	10759
3527	10763
3528	9337
3529	-1
3530	9321
3531	-1
3532	-1
3533	-1
3534	-1
3535	-1
3536	9350
3537	-1
3538	-1
3539	9384
3540	-1
3541	-1
3542	9253
3543	-1
3544	-1
3545	-1
3546	-1
3547	-1
3548	-1
3549	-1
3550	9212
3551	-1
3552	-1
3553	9447
3554	9589
3555	-1
3556	-1
3557	-1
3558	-1
3559	-1
3560	-1
3561	-1
3562	9544
3563	-1
3564	-1
3565	9366
3566	-1
3567	-1
3568	-1
3569	9114
3570	-1
3571	-1
3572	-1
3573	-1
3574	-1
3575	-1
3576	-1
3577	-1
3578	-1
3579	-1
3580	-1
3581	-1
3582	-1
3583	-1
3584	-1
3585	-1
3586	-1
3587	-1
3588	-1
3589	-1
3590	-1
3591	-1
3592	-1
3593	-1
3594	-1
3595	-1
3596	-1
3597	-1
3598	-1
3599	-1
3600	-1
3601	-1
3602	-1
3603	-1
3604	-1
3605	-1
3606	-1
3607	-1
3608	-1
3609	-1
3610	-1
3611	-1
3612	-1
3613	-1
3614	-1
3615	-1
3616	-1
3617	-1
3618	-1
3619	-1
3620	-1
3621	-1
3622	-1
3623	-1
3624	-1
3625	-1
3626	-1
3627	-1
3628	-1
3629	-1
3630	-1
3631	-1
3632	-1
3633	-1
3634	-1
3635	-1
3636	-1
3637	-1
3638	-1
3639	-1
3640	-1
3641	-1
3642	-1
3643	-1
3644	-1
3645	-1
3646	-1
3647	-1
3648	-1
3649	-1
3650	-1
3651	-1
3652	-1
3653	-1
3654	-1
3655	-1
3656	-1
3657	-1
3658	-1
3659	-1
3660	-1
3661	-1
3662	-1
3663	-1
3664	-1
3665	-1
3666	-1
3667	-1
3668	-1
3669	-1
3670	-1
3671	-1
3672	-1
3673	-1
3674	-1
3675	-1
3676	-1
3677	-1
3678	-1
3679	-1
3680	-1
3681	-1
3682	-1
3683	-1
3684	-1
3685	-1
3686	-1
3687	-1
3688	-1
3689	9057
3690	9019
3691	9006
3692	8985
3693	9075
3694	8903
3695	8911
3696	8891
3697	9006
3698	9054
3699	8731
3700	8686
3701	-1
3702	8707
3703	8665
3704	-1
3705	8766
3706	-1
3707	-1
3708	8796
3709	8828
3710	8854
3711	8856
3712	-1
3713	8385
3714	8878
3715	-1
3716	-1
3717	8223
3718	-1
3719	8240
3720	-1
3721	8254
3722	8268
3723	8357
3724	-1
3725	-1
3726	-1
3727	-1
3728	-1
3729	-1
3730	-1
3731	8287
3732	-1
3733	-1
3734	-1
3735	-1
3736	-1
3737	-1
3738	-1
3739	-1
3740	-1
3741	8377
3742	-1
3743	8386
3744	-1
3745	8397
3746	-1
3747	-1
3748	-1
3749	8167
3750	-1
3751	8371
3752	-1
3753	8361
3754	8213
3755	-1
3756	-1
3757	-1
3758	-1
3759	8307
3760	-1
3761	-1
3762	-1
3763	-1
3764	-1
3765	8366
3766	-1
3767	-1
3768	8381
3769	-1
3770	-1
3771	8217
3772	-1
3773	-1
3774	-1
3775	-1
3776	-1
3777	-1
3778	-1
3779	-1
3780	-1
3781	-1
3782	-1
3783	-1
3784	-1
3785	-1
3786	-1
3787	-1
3788	-1
3789	-1
3790	-1
3791	-1
3792	-1
3793	-1
3794	8081
3795	-1
3796	-1
3797	-1
3798	-1
3799	-1
3800	-1
3801	8130
3802	-1
3803	-1
3804	-1
3805	-1
3806	-1
3807	8995
3808	8976
3809	9017
3810	9015
3811	9078
3812	9085
3813	9102
3814	9205
3815	9161
3816	8819
3817	8813
3818	9212
3819	-1
3820	9219
3821	9271
3822	9296
3823	8928
3824	-1
3825	9342
3826	9350
3827	8955
3828	9390
3829	9402
3830	8629
3831	8971
3832	8811
3833	9441
3834	10061
3835	9035
3836	10065
3837	9456
3838	9676
3839	9475
3840	9079
3841	9356
3842	9651
3843	8734
3844	9101
3845	9327
3846	-1
3847	8903
3848	-1
3849	9979
3850	9529
3851	8710
3852	9989
3853	9606
3854	9549
3855	9297
3856	-1
3857	-1
3858	9941
3859	9945
3860	9381
3861	-1
3862	-1
3863	8811
3864	8647
3865	-1
3866	-1
3867	9354
3868	9239
3869	-1
3870	9228
3871	-1
3872	-1
3873	-1
3874	8872
3875	9860
3876	10027
3877	-1
3878	9180
3879	8896
3880	-1
3881	-1
3882	10134
3883	-1
3884	9815
3885	8919
3886	-1
3887	9783
3888	10103
3889	10135
3890	-1
3891	-1
3892	-1
3893	9689
3894	10194
3895	-1
3896	-1
3897	9737
3898	9609
3899	9747
3900	9750
3901	-1
3902	-1
3903	-1
3904	-1
3905	-1
3906	-1
3907	-1
3908	-1
3909	-1
3910	-1
3911	-1
3912	-1
3913	-1
3914	-1
3915	-1
3916	-1
3917	-1
3918	-1
3919	-1
3920	-1
3921	-1
3922	-1
3923	-1
3924	-1
3925	9836
3926	-1
3927	-1
3928	-1
3929	-1
3930	-1
3931	-1
3932	-1
3933	-1
3934	-1
3935	-1
3936	-1
3937	-1
3938	-1
3939	-1
3940	-1
3941	-1
3942	-1
3943	-1
3944	-1
3945	-1
3946	-1
3947	-1
3948	-1
3949	-1
3950	-1
3951	-1
3952	-1
3953	-1
3954	-1
3955	-1
3956	-1
3957	-1
3958	-1
3959	-1
3960	-1
3961	-1
3962	-1
3963	-1
3964	-1
3965	-1
3966	-1
3967	-1
3968	-1
3969	-1
3970	-1
3971	-1
3972	-1
3973	-1
3974	-1
3975	-1
3976	-1
3977	-1
3978	-1
3979	-1
3980	-1
3981	-1
3982	-1
3983	-1
3984	-1
3985	-1
3986	-1
3987	-1
3988	-1
3989	-1
3990	-1
3991	-1
3992	-1
3993	-1
3994	-1
3995	-1
3996	-1
3997	-1
3998	-1
3999	-1
4000	-1
4001	-1
4002	-1
4003	-1
4004	-1
4005	-1
4006	-1
4007	-1
4008	-1
4009	-1
4010	-1
4011	-1
4012	-1
4013	-1
4014	-1
4015	-1
4016	-1
4017	-1
4018	-1
4019	-1
4020	-1
4021	-1
4022	-1
4023	-1
4024	-1
4025	-1
4026	-1
4027	-1
4028	-1
4029	-1
4030	-1
4031	-1
4032	-1
4033	-1
4034	-1
4035	-1
4036	-1
4037	-1
4038	-1
4039	-1
4040	-1
4041	-1
4042	-1
4043	-1
4044	-1
4045	-1
4046	-1
4047	-1
4048	-1
4049	-1
4050	-1
4051	-1
4052	-1
4053	-1
4054	-1
4055	-1
4056	-1
4057	-1
4058	-1
4059	-1
4060	-1
4061	-1
4062	-1
4063	-1
4064	-1
4065	-1
4066	-1
4067	-1
4068	-1
4069	-1
4070	-1
4071	-1
4072	-1
4073	-1
4074	-1
4075	-1
4076	-1
4077	-1
4078	-1
4079	-1
4080	-1
4081	-1
4082	-1
4083	-1
4084	-1
4085	-1
4086	-1
4087	-1
4088	-1
4089	-1
4090	-1
4091	-1
4092	-1
4093	-1
4094	-1
4095	-1
4096	-1
4097	-1
4098	-1
4099	-1
4100	-1
4101	-1
4102	-1
4103	-1
4104	-1
4105	-1
4106	-1
4107	-1
4108	-1
4109	-1
4110	-1
4111	-1
4112	-1
4113	-1
4114	-1
4115	-1
4116	-1
4117	-1
4118	-1
4119	-1
4120	-1
4121	13263
4122	-1
4123	-1
4124	-1
4125	-1
4126	-1
4127	-1
4128	-1
4129	-1
4130	-1
4131	-1
4132	-1
4133	-1
4134	-1
4135	-1
4136	-1
4137	-1
4138	-1
4139	-1
4140	-1
4141	-1
4142	-1
4143	-1
4144	-1
4145	-1
4146	-1
4147	-1
4148	-1
4149	-1
4150	-1
4151	-1
4152	-1
4153	-1
4154	-1
4155	-1
4156	-1
4157	-1
4158	-1
4159	-1
4160	-1
4161	-1
4162	-1
4163	-1
4164	-1
4165	-1
4166	-1
4167	-1
4168	-1
4169	-1
4170	-1
4171	-1
4172	-1
4173	-1
4174	-1
4175	-1
4176	-1
4177	-1
4178	-1
4179	-1
4180	-1
4181	-1
4182	-1
4183	-1
4184	-1
4185	-1
4186	-1
4187	-1
4188	-1
4189	-1
4190	-1
4191	-1
4192	-1
4193	-1
4194	-1
4195	-1
4196	-1
4197	-1
4198	-1
4199	-1
4200	-1
4201	-1
4202	-1
4203	-1
4204	-1
4205	-1
4206	-1
4207	-1
4208	-1
4209	-1
4210	-1
4211	-1
4212	-1
4213	-1
4214	-1
4215	-1
4216	-1
4217	-1
4218	-1
4219	-1
4220	-1
4221	-1
4222	-1
4223	-1
4224	-1
4225	-1
4226	-1
4227	-1
4228	-1
4229	-1
4230	-1
4231	-1
4232	-1
4233	-1
4234	-1
4235	-1
4236	-1
4237	-1
4238	-1
4239	-1
4240	-1
4241	-1
4242	-1
4243	-1
4244	-1
4245	-1
4246	-1
4247	-1
4248	-1
4249	-1
4250	-1
4251	-1
4252	-1
4253	-1
4254	-1
4255	-1
4256	-1
4257	-1
4258	-1
4259	-1
4260	-1
4261	-1
4262	-1
4263	-1
4264	-1
4265	-1
4266	-1
4267	-1
4268	-1
4269	-1
4270	-1
4271	-1
4272	-1
4273	-1
4274	-1
4275	-1
4276	-1
4277	-1
4278	-1
4279	-1
4280	-1
4281	-1
4282	12084
4283	-1
4284	-1
4285	-1
4286	12139
4287	-1
4288	-1
4289	12193
4290	-1
4291	-1
4292	-1
4293	11937
4294	12230
4295	-1
4296	12294
4297	12304
4298	12315
4299	-1
4300	12319
4301	11839
4302	-1
4303	12071
4304	-1
4305	-1
4306	12116
4307	-1
4308	-1
4309	12148
4310	-1
4311	12163
4312	-1
4313	12176
4314	-1
4315	-1
4316	-1
4317	12232
4318	11636
4319	-1
4320	12274
4321	12277
4322	12288
4323	12291
4324	-1
4325	-1
4326	12308
4327	-1
4328	11559
4329	-1
4330	12330
4331	11610
4332	11640
4333	12569
4334	-1
4335	-1
4336	-1
4337	-1
4338	-1
4339	-1
4340	7963
4341	7917
4342	7935
4343	7921
4344	8018
4345	-1
4346	8061
4347	8073
4348	-1
4349	-1
4350	-1
4351	-1
4352	-1
4353	-1
4354	-1
4355	-1
4356	-1
4357	-1
4358	-1
4359	-1
4360	-1
4361	-1
4362	-1
4363	-1
4364	-1
4365	-1
4366	-1
4367	-1
4368	-1
4369	-1
4370	-1
4371	-1
4372	-1
4373	-1
4374	-1
4375	-1
4376	-1
4377	-1
4378	-1
4379	-1
4380	-1
4381	-1
4382	-1
4383	-1
4384	-1
4385	-1
4386	-1
4387	-1
4388	-1
4389	-1
4390	-1
4391	-1
4392	-1
4393	-1
4394	-1
4395	-1
4396	-1
4397	-1
4398	-1
4399	-1
4400	-1
4401	-1
4402	-1
4403	-1
4404	-1
4405	-1
4406	-1
4407	-1
4408	-1
4409	-1
4410	-1
4411	-1
4412	-1
4413	-1
4414	-1
4415	-1
4416	-1
4417	-1
4418	-1
4419	-1
4420	-1
4421	-1
4422	-1
4423	-1
4424	-1
4425	-1
4426	-1
4427	-1
4428	-1
4429	-1
4430	-1
4431	-1
4432	-1
4433	-1
4434	-1
4435	-1
4436	-1
4437	-1
4438	-1
4439	-1
4440	-1
4441	-1
4442	-1
4443	-1
4444	-1
4445	-1
4446	-1
4447	-1
4448	-1
4449	-1
4450	-1
4451	-1
4452	-1
4453	-1
4454	-1
4455	-1
4456	-1
4457	-1
4458	-1
4459	-1
4460	-1
4461	-1
4462	-1
4463	-1
4464	-1
4465	-1
4466	-1
4467	-1
4468	-1
4469	-1
4470	-1
4471	-1
4472	-1
4473	-1
4474	-1
4475	-1
4476	-1
4477	-1
4478	-1
4479	-1
4480	-1
4481	-1
4482	-1
4483	-1
4484	-1
4485	-1
4486	-1
4487	-1
4488	-1
4489	-1
4490	-1
4491	-1
4492	-1
4493	-1
4494	-1
4495	-1
4496	-1
4497	-1
4498	-1
4499	-1
4500	-1
4501	-1
4502	-1
4503	-1
4504	-1
4505	-1
4506	-1
4507	-1
4508	-1
4509	-1
4510	-1
4511	-1
4512	-1
4513	-1
4514	-1
4515	-1
4516	-1
4517	-1
4518	-1
4519	-1
4520	-1
4521	-1
4522	-1
4523	-1
4524	-1
4525	-1
4526	-1
4527	-1
4528	-1
4529	-1
4530	-1
4531	-1
4532	-1
4533	-1
4534	-1
4535	-1
4536	-1
4537	-1
4538	-1
4539	-1
4540	-1
4541	-1
4542	-1
4543	-1
4544	-1
4545	-1
4546	-1
4547	-1
4548	-1
4549	-1
4550	-1
4551	-1
4552	-1
4553	-1
4554	-1
4555	-1
4556	-1
4557	-1
4558	-1
4559	-1
4560	-1
4561	-1
4562	-1
4563	-1
4564	-1
4565	-1
4566	-1
4567	-1
4568	-1
4569	-1
4570	-1
4571	-1
4572	-1
4573	-1
4574	-1
4575	-1
4576	-1
4577	-1
4578	-1
4579	-1
4580	-1
4581	-1
4582	-1
4583	-1
4584	-1
4585	-1
4586	-1
4587	-1
4588	-1
4589	-1
4590	-1
4591	-1
4592	-1
4593	-1
4594	-1
4595	-1
4596	-1
4597	-1
4598	-1
4599	-1
4600	-1
4601	-1
4602	-1
4603	-1
4604	-1
4605	-1
4606	-1
4607	-1
4608	-1
4609	-1
4610	-1
4611	-1
4612	-1
4613	-1
4614	-1
4615	-1
4616	-1
4617	-1
4618	-1
4619	-1
4620	-1
4621	-1
4622	-1
4623	-1
4624	-1
4625	-1
4626	-1
4627	-1
4628	-1
4629	-1
4630	-1
4631	-1
4632	-1
4633	-1
4634	-1
4635	-1
4636	-1
4637	-1
4638	-1
4639	-1
4640	-1
4641	-1
4642	-1
4643	-1
4644	-1
4645	-1
4646	-1
4647	-1
4648	-1
4649	-1
4650	-1
4651	-1
4652	-1
4653	-1
4654	-1
4655	-1
4656	-1
4657	-1
4658	-1
4659	-1
4660	-1
4661	-1
4662	-1
4663	-1
4664	-1
4665	-1
4666	-1
4667	-1
4668	-1
4669	-1
4670	-1
4671	-1
4672	-1
4673	-1
4674	-1
4675	-1
4676	-1
4677	-1
4678	-1
4679	-1
4680	-1
4681	-1
4682	-1
4683	-1
4684	-1
4685	-1
4686	-1
4687	-1
4688	-1
4689	-1
4690	-1
4691	-1
4692	-1
4693	-1
4694	-1
4695	-1
4696	-1
4697	-1
4698	-1
4699	-1
4700	-1
4701	-1
4702	-1
4703	-1
4704	-1
4705	-1
4706	-1
4707	-1
4708	-1
4709	-1
4710	-1
4711	-1
4712	-1
4713	-1
4714	-1
4715	-1
4716	-1
4717	-1
4718	-1
4719	-1
4720	-1
4721	-1
4722	-1
4723	-1
4724	-1
4725	-1
4726	-1
4727	-1
4728	-1
4729	-1
4730	-1
4731	-1
4732	-1
4733	-1
4734	-1
4735	-1
4736	-1
4737	-1
4738	-1
4739	-1
4740	-1
4741	-1
4742	-1
4743	-1
4744	-1
4745	-1
4746	-1
4747	-1
4748	-1
4749	-1
4750	-1
4751	-1
4752	-1
4753	-1
4754	-1
4755	-1
4756	-1
4757	-1
4758	-1
4759	-1
4760	-1
4761	-1
4762	-1
4763	-1
4764	-1
4765	-1
4766	-1
4767	-1
4768	-1
4769	-1
4770	-1
4771	-1
4772	-1
4773	-1
4774	-1
4775	-1
4776	-1
4777	-1
4778	-1
4779	-1
4780	-1
4781	-1
4782	-1
4783	-1
4784	-1
4785	-1
4786	-1
4787	-1
4788	-1
4789	-1
4790	-1
4791	-1
4792	-1
4793	-1
4794	-1
4795	-1
4796	-1
4797	-1
4798	-1
4799	-1
4800	-1
4801	-1
4802	-1
4803	-1
4804	-1
4805	-1
4806	-1
4807	-1
4808	-1
4809	-1
4810	-1
4811	-1
4812	-1
4813	-1
4814	-1
4815	-1
4816	-1
4817	-1
4818	-1
4819	-1
4820	-1
4821	-1
4822	-1
4823	-1
4824	-1
4825	-1
4826	-1
4827	-1
4828	-1
4829	-1
4830	-1
4831	-1
4832	-1
4833	-1
4834	-1
4835	-1
4836	-1
4837	-1
4838	-1
4839	-1
4840	-1
4841	-1
4842	-1
4843	-1
4844	-1
4845	-1
4846	-1
4847	-1
4848	-1
4849	-1
4850	-1
4851	-1
4852	-1
4853	-1
4854	-1
4855	-1
4856	-1
4857	-1
4858	-1
4859	-1
4860	-1
4861	-1
4862	-1
4863	-1
4864	-1
4865	-1
4866	-1
4867	-1
4868	-1
4869	7352
4870	7119
4871	7089
4872	7079
4873	7175
4874	7132
4875	7230
4876	7006
4877	7088
4878	7273
4879	7064
4880	7285
4881	7068
4882	6941
4883	7040
4884	6926
4885	7009
4886	7349
4887	6888
4888	7433
4889	7109
4890	7458
4891	7477
4892	7496
4893	7082
4894	7125
4895	7518
4896	7107
4897	7539
4898	7557
4899	7138
4900	7575
4901	7608
4902	-1
4903	-1
4904	-1
4905	-1
4906	-1
4907	-1
4908	-1
4909	-1
4910	-1
4911	-1
4912	-1
4913	-1
4914	-1
4915	-1
4916	-1
4917	-1
4918	-1
4919	-1
4920	-1
4921	-1
4922	-1
4923	-1
4924	-1
4925	-1
4926	-1
4927	-1
4928	-1
4929	-1
4930	-1
4931	-1
4932	-1
4933	-1
4934	-1
4935	-1
4936	-1
4937	-1
4938	-1
4939	-1
4940	-1
4941	-1
4942	-1
4943	6068
4944	6092
4945	6034
4946	-1
4947	-1
4948	-1
4949	-1
4950	-1
4951	-1
4952	-1
4953	-1
4954	-1
4955	-1
4956	-1
4957	-1
4958	5981
4959	5952
4960	5948
4961	-1
4962	6705
4963	6720
4964	6689
4965	6817
4966	6908
4967	6938
4968	6945
4969	6979
4970	6996
4971	7027
4972	7059
4973	7070
4974	5259
4975	5352
4976	5893
4977	-1
4978	-1
4979	-1
4980	6807
4981	-1
4982	-1
4983	-1
4984	-1
4985	-1
4986	-1
4987	-1
4988	-1
4989	-1
4990	-1
4991	-1
4992	-1
4993	-1
4994	-1
4995	-1
4996	-1
4997	-1
4998	-1
4999	-1
5000	-1
5001	-1
5002	6679
5003	-1
5004	-1
5005	6705
5006	-1
5007	-1
5008	-1
5009	-1
5010	-1
5011	-1
5012	-1
5013	-1
5014	-1
5015	-1
5016	6779
5017	-1
5018	-1
5019	7141
5020	6597
5021	-1
5022	-1
5023	7122
5024	-1
5025	6751
5026	-1
5027	-1
5028	-1
5029	6638
5030	6555
5031	-1
5032	4882
5033	-1
5034	-1
5035	6663
5036	-1
5037	6581
5038	-1
5039	6510
5040	6504
5041	-1
5042	-1
5043	-1
5044	6658
5045	-1
5046	6537
5047	7009
5048	-1
5049	4811
5050	6461
5051	-1
5052	-1
5053	6561
5054	-1
5055	6443
5056	-1
5057	6579
5058	6609
5059	6460
5060	6711
5061	-1
5062	6413
5063	-1
5064	6588
5065	6403
5066	-1
5067	-1
5068	-1
5069	6612
5070	-1
5071	6531
5072	-1
5073	-1
5074	6507
5075	-1
5076	6372
5077	6668
5078	6765
5079	-1
5080	6522
5081	6900
5082	6647
5083	6455
5084	-1
5085	-1
5086	6345
5087	6528
5088	-1
5089	6332
5090	6470
5091	6656
5092	-1
5093	-1
5094	-1
5095	6564
5096	-1
5097	6943
5098	-1
5099	5480
5100	5423
5101	5395
5102	5458
5103	5364
5104	5514
5105	5560
5106	5505
5107	5283
5108	5533
5109	5534
5110	5542
5111	5609
5112	5570
5113	5581
5114	5279
5115	4433
5116	5612
5117	4429
5118	5675
5119	5675
5120	5253
5121	5842
5122	-1
5123	6030
5124	5308
5125	5745
5126	5868
5127	5719
5128	6930
5129	5907
5130	5133
5131	5929
5132	5938
5133	5149
5134	-1
5135	4260
5136	5202
5137	6473
5138	6480
5139	4986
5140	4981
5141	6842
5142	5064
5143	5997
5144	5095
5145	6001
5146	4309
5147	6425
5148	5256
5149	5022
5150	6015
5151	4943
5152	6803
5153	5021
5154	6021
5155	4938
5156	6033
5157	4934
5158	6406
5159	5019
5160	6032
5161	5052
5162	5008
5163	4359
5164	5057
5165	4362
5166	6765
5167	6059
5168	6377
5169	5067
5170	6753
5171	4378
5172	4975
5173	6452
5174	4384
5175	6082
5176	4133
5177	4410
5178	6737
5179	4391
5180	6952
5181	6799
5182	4951
5183	5106
5184	5017
5185	6825
5186	5119
5187	4094
5188	5046
5189	6309
5190	5131
5191	4085
5192	5041
5193	5146
5194	5058
5195	4206
5196	-1
5197	6869
5198	4329
5199	5174
5200	7063
5201	4314
5202	5107
5203	7045
5204	5255
5205	5090
5206	4365
5207	6189
5208	5192
5209	7057
5210	6199
5211	5105
5212	6203
5213	7067
5214	4009
5215	6214
5216	5287
5217	-1
5218	-1
5219	-1
5220	-1
5221	-1
5222	-1
5223	-1
5224	-1
5225	-1
5226	-1
5227	-1
5228	-1
5229	-1
5230	-1
5231	-1
5232	-1
5233	-1
5234	-1
5235	-1
5236	-1
5237	-1
5238	-1
5239	-1
5240	-1
5241	-1
5242	-1
5243	-1
5244	-1
5245	-1
5246	-1
5247	-1
5248	-1
5249	-1
5250	3871
5251	-1
5252	-1
5253	3855
5254	-1
5255	-1
5256	-1
5257	-1
5258	-1
5259	3845
5260	-1
5261	-1
5262	-1
5263	-1
5264	-1
5265	-1
5266	3912
5267	-1
5268	-1
5269	-1
5270	3895
5271	-1
5272	-1
5273	-1
5274	3802
5275	-1
5276	3794
5277	-1
5278	-1
5279	3782
5280	-1
5281	3768
5282	3830
5283	-1
5284	-1
5285	3817
5286	-1
5287	3948
5288	-1
5289	3741
5290	-1
5291	-1
5292	3722
5293	3979
5294	3708
5295	-1
5296	3701
5297	-1
5298	3753
5299	-1
5300	3742
5301	-1
5302	-1
5303	3656
5304	-1
5305	3895
5306	-1
5307	4049
5308	3914
5309	3640
5310	-1
5311	-1
5312	-1
5313	-1
5314	3621
5315	3905
5316	-1
5317	3607
5318	3877
5319	-1
5320	-1
5321	3649
5322	-1
5323	3884
5324	3634
5325	-1
5326	-1
5327	-1
5328	-1
5329	3972
5330	3844
5331	3811
5332	-1
5333	3757
5334	3787
5335	-1
5336	-1
5337	-1
5338	-1
5339	-1
5340	-1
5341	-1
5342	5619
5343	-1
5344	5370
5345	-1
5346	-1
5347	-1
5348	5166
5349	-1
5350	-1
5351	5035
5352	4957
5353	5035
5354	-1
5355	-1
5356	5149
5357	-1
5358	-1
5359	-1
5360	-1
5361	-1
5362	4445
5363	4427
5364	3210
5365	-1
5366	-1
5367	-1
5368	-1
5369	-1
5370	-1
5371	3100
5372	-1
5373	3850
5374	-1
5375	3024
5376	-1
5377	-1
5378	-1
5379	-1
5380	2954
5381	-1
5382	3728
5383	-1
5384	2890
5385	4123
5386	-1
5387	2882
5388	4105
5389	-1
5390	-1
5391	2882
5392	2857
5393	-1
5394	-1
5395	2917
5396	2845
5397	2851
5398	3836
5399	2827
5400	2800
5401	4186
5402	2923
5403	-1
5404	-1
5405	2763
5406	-1
5407	2981
5408	3885
5409	2783
5410	4265
5411	-1
5412	2973
5413	2724
5414	-1
5415	2810
5416	3522
5417	3955
5418	3487
5419	3466
5420	-1
5421	2796
5422	2652
5423	-1
5424	2635
5425	2725
5426	2824
5427	-1
5428	4023
5429	4576
5430	3614
5431	-1
5432	4378
5433	-1
5434	3397
5435	-1
5436	3673
5437	2802
5438	3330
5439	-1
5440	-1
5441	3371
5442	4167
5443	3647
5444	-1
5445	2994
5446	4535
5447	2911
5448	-1
5449	2425
5450	3226
5451	3245
5452	-1
5453	4454
5454	4365
5455	4344
5456	4326
5457	4376
5458	4201
5459	4445
5460	4310
5461	4324
5462	4417
5463	4361
5464	4430
5465	4344
5466	4333
5467	-1
5468	-1
5469	-1
5470	-1
5471	-1
5472	-1
5473	-1
5474	-1
5475	-1
5476	-1
5477	-1
5478	-1
5479	-1
5480	-1
5481	-1
5482	-1
5483	-1
5484	-1
5485	-1
5486	-1
5487	-1
5488	-1
5489	-1
5490	-1
5491	-1
5492	-1
5493	-1
5494	-1
5495	-1
5496	-1
5497	-1
5498	-1
5499	-1
5500	-1
5501	-1
5502	-1
5503	-1
5504	-1
5505	-1
5506	-1
5507	-1
5508	-1
5509	-1
5510	-1
5511	-1
5512	-1
5513	-1
5514	-1
5515	-1
5516	-1
5517	-1
5518	-1
5519	-1
5520	-1
5521	-1
5522	-1
5523	-1
5524	-1
5525	-1
5526	-1
5527	-1
5528	-1
5529	-1
5530	-1
5531	-1
5532	-1
5533	-1
5534	-1
5535	-1
5536	-1
5537	-1
5538	-1
5539	-1
5540	-1
5541	-1
5542	-1
5543	-1
5544	-1
5545	-1
5546	-1
5547	6765
5548	6711
5549	6733
5550	-1
5551	-1
5552	-1
5553	-1
5554	-1
5555	-1
5556	-1
5557	5251
5558	5129
5559	-1
5560	-1
5561	-1
5562	-1
5563	-1
5564	-1
5565	-1
5566	-1
5567	3904
5568	-1
5569	-1
5570	-1
5571	6293
5572	6269
5573	6333
5574	6250
5575	6236
5576	6314
5577	6219
5578	6205
5579	6389
5580	6348
5581	6186
5582	6361
5583	6263
5584	6363
5585	6378
5586	6393
5587	6298
5588	6138
5589	-1
5590	6411
5591	-1
5592	6111
5593	-1
5594	6444
5595	-1
5596	-1
5597	6068
5598	-1
5599	6180
5600	-1
5601	-1
5602	6032
5603	-1
5604	-1
5605	6168
5606	-1
5607	-1
5608	6234
5609	5977
5610	6272
5611	6022
5612	6307
5613	5887
5614	5876
5615	-1
5616	5824
5617	-1
5618	5887
5619	5959
5620	5950
5621	5988
5622	5978
5623	6010
5624	6012
5625	-1
5626	-1
5627	-1
5628	-1
5629	-1
5630	-1
5631	-1
5632	-1
5633	-1
5634	-1
5635	-1
5636	-1
5637	-1
5638	-1
5639	-1
5640	-1
5641	-1
5642	5144
5643	5145
5644	-1
5645	-1
5646	-1
5647	-1
5648	-1
5649	-1
5650	-1
5651	-1
5652	-1
5653	-1
5654	-1
5655	-1
5656	-1
5657	-1
5658	-1
5659	-1
5660	-1
5661	-1
5662	-1
5663	-1
5664	-1
5665	-1
5666	5832
5667	3942
5668	3886
5669	-1
5670	4462
5671	4418
5672	-1
5673	-1
5674	7113
5675	5190
5676	5221
5677	-1
5678	-1
5679	-1
5680	-1
5681	-1
5682	-1
5683	-1
5684	-1
5685	-1
5686	-1
5687	-1
5688	-1
5689	-1
5690	-1
5691	-1
5692	-1
5693	-1
5694	-1
5695	-1
5696	-1
5697	-1
5698	-1
5699	-1
5700	-1
5701	5886
5702	6223
5703	6236
5704	6251
5705	6221
5706	6001
5707	5991
5708	5982
5709	-1
5710	-1
5711	6575
5712	6692
5713	6723
5714	6751
5715	-1
5716	6043
5717	6054
5718	5994
5719	5966
5720	5977
5721	5981
5722	-1
5723	-1
5724	-1
5725	-1
5726	-1
5727	-1
5728	-1
5729	-1
5730	-1
5731	-1
5732	-1
5733	-1
5734	-1
5735	-1
5736	-1
5737	-1
5738	-1
5739	-1
5740	-1
5741	-1
5742	-1
5743	-1
5744	-1
5745	-1
5746	-1
5747	-1
5748	-1
5749	-1
5750	-1
5751	-1
5752	-1
5753	-1
5754	-1
5755	-1
5756	-1
5757	-1
5758	-1
5759	-1
5760	-1
5761	-1
5762	-1
5763	-1
5764	-1
5765	-1
5766	-1
5767	-1
5768	-1
5769	-1
5770	-1
5771	-1
5772	-1
5773	-1
5774	-1
5775	-1
5776	-1
5777	-1
5778	-1
5779	-1
5780	-1
5781	-1
5782	-1
5783	-1
5784	-1
5785	8167
5786	-1
5787	-1
5788	-1
5789	-1
5790	-1
5791	-1
5792	-1
5793	-1
5794	-1
5795	-1
5796	-1
5797	-1
5798	-1
5799	-1
5800	-1
5801	-1
5802	-1
5803	-1
5804	-1
5805	-1
5806	-1
5807	-1
5808	-1
5809	-1
5810	-1
5811	-1
5812	-1
5813	-1
5814	-1
5815	-1
5816	-1
5817	-1
5818	-1
5819	-1
5820	-1
5821	-1
5822	7155
5823	7105
5824	7084
5825	7015
5826	7019
5827	-1
5828	-1
5829	-1
5830	-1
5831	7180
5832	7961
5833	-1
5834	-1
5835	-1
5836	-1
5837	-1
5838	-1
5839	-1
5840	-1
5841	-1
5842	-1
5843	-1
5844	-1
5845	-1
5846	-1
5847	-1
5848	-1
5849	-1
5850	-1
5851	-1
5852	-1
5853	-1
5854	-1
5855	-1
5856	-1
5857	8366
5858	-1
5859	9102
5860	9056
5861	8966
5862	9158
5863	9294
5864	9391
5865	10293
5866	10283
5867	11641
5868	11591
5869	11658
5870	11673
5871	11689
5872	11703
5873	-1
5874	10875
5875	10836
5876	10911
5877	10835
5878	10816
5879	10803
5880	10906
5881	10916
5882	10929
5883	10379
5884	10285
5885	7676
5886	10360
5887	7263
5888	7287
5889	7305
5890	7317
5891	-1
5892	-1
5893	3943
5894	7036
5895	-1
5896	10480
5897	8142
5898	8053
5899	-1
5900	10126
5901	10429
5902	10316
5903	10321
5904	10326
5905	10331
5906	10904
5907	10913
5908	10921
5909	8949
5910	11109
5911	11081
5912	10973
5913	10917
5914	-1
5915	-1
5916	-1
5917	3418
5918	3390
5919	3464
5920	3291
5921	3365
5922	3345
5923	-1
5924	3257
5925	-1
5926	-1
5927	-1
5928	-1
5929	-1
5930	-1
5931	-1
5932	-1
5933	-1
5934	-1
5935	-1
5936	-1
5937	-1
5938	-1
5939	-1
5940	-1
5941	-1
5942	-1
5943	-1
5944	-1
5945	-1
5946	3661
5947	3608
5948	3697
5949	3752
5950	4036
5951	4058
5952	4027
5953	3946
5954	3042
5955	2979
5956	3240
5957	2847
5958	2849
5959	3073
5960	3028
5961	2493
5962	2758
5963	2466
5964	2756
5965	2707
5966	2785
5967	2563
5968	2814
5969	2776
5970	3138
5971	2839
5972	2616
5973	2720
5974	2662
5975	2635
5976	2549
5977	2885
5978	2621
5979	2883
5980	2444
5981	2575
5982	2476
5983	2495
5984	2964
5985	2417
5986	2475
5987	3881
5988	3855
5989	2475
5990	-1
5991	3936
5992	3583
5993	-1
5994	12899
5995	12849
5996	12922
5997	12742
5998	12960
5999	12996
6000	12681
6001	-1
6002	12634
6003	13092
6004	-1
6005	-1
6006	12795
6007	12781
6008	13230
6009	12823
6010	12738
6011	12696
6012	12681
6013	13315
6014	12662
6015	13344
6016	12731
6017	13353
6018	12704
6019	-1
6020	12563
6021	12567
6022	-1
6023	-1
6024	12760
6025	12720
6026	-1
6027	13158
6028	-1
6029	13151
6030	12754
6031	13140
6032	13167
6033	12774
6034	13378
6035	13185
6036	12813
6037	13075
6038	12828
6039	13244
6040	13252
6041	13231
6042	12854
6043	13299
6044	13282
6045	13288
6046	13006
6047	12902
6048	12910
6049	12911
6050	12930
6051	12956
6052	13232
6053	12975
6054	12990
6055	13181
6056	13162
6057	13151
6058	13144
6059	13157
6060	13122
6061	13117
6062	13072
6063	13098
6064	13185
6065	13095
6066	13142
6067	13148
6068	13104
6069	13272
6070	13186
6071	13240
6072	13278
6073	13320
6074	13326
6075	13334
6076	13373
6077	13395
6078	12028
6079	11937
6080	11818
6081	11754
6082	11702
6083	11776
6084	-1
6085	-1
6086	-1
6087	-1
6088	-1
6089	-1
6090	-1
6091	-1
6092	-1
6093	-1
6094	-1
6095	-1
6096	-1
6097	13357
6098	-1
6099	-1
6100	-1
6101	-1
6102	-1
6103	-1
6104	13411
